964817493
203222601
772132866
945762334
872409359
986628518
20767387
127807353
399311914
573225429
262262321
169658035
685650264
433114546
513905611
228611572
897229228
231228727
626885847
78370025
11976493
275766938
686267353
640684183
585289002
958716506
111265601
361526661
257281176
297178870
846892434
248797592
715996786
710185753
357857286
498920717
495000214
241065342
380844319
322350055
117680203
483125990
812713187
946475839
704701580
782398590
918727156
708415130
589691185
99091586
455512207
640839898
248877916
335339880
767253046
101665286
264620606
715981191
787158877
682029908
355262190
559448005
728372884
278887481
928115918
803176745
821769808
674166924
794041477
805956081
807393475
206004802
726082047
562430467
865221720
433586433
329456607
23657895
289228077
727896379
744911701
754125990
459828067
191798035
247725372
832172078
298908292
641760955
613487616
350274370
371630120
825124212
850401179
513037106
171819046
697505694
477914306
671760553
313957952
380591044
385085017
994865138
931540556
264463435
798269033
248694151
702181171
494752925
581004241
358750769
261732559
908226809
659546380
50148451
378854326
613748216
560039188
242721572
348609551
643635016
731244020
674336386
253566624
981276330
158800854
623347369
526636064
842154092
136027554
159816645
115583650
102658655
512825009
215885211
267855950
738885627
757722977
327045182
102493483
994549093
587724868
458438263
84422379
66798819
579867272
276088555
751578508
425291235
261688589
325221488
677369410
367338145
868738211
697767422
639064087
327055878
372571475
746878488
217994949
670461913
132044925
867921326
146149827
980782951
957138395
300448944
908525239
472080527
614672610
229472840
245370113
37377012
883787948
879036896
214357498
413817460
132621629
944874295
981567642
921065603
719377724
915344386
312140319
605832941
888905632
784043372
915196553
299101590
831021193
783489325
420363140
829594164
487535021
794190762
225531373
809278570
587089202
767615750
677333614
742826645
921445786
881116386
